0 320 2513
1 314 2466
2 314 2466
3 314 2466
4 314 2466
5 314 2466
6 314 2466
7 314 2466
8 314 2466
9 314 2466
10 367 2882
11 314 2466
12 314 2466
13 314 2466
14 314 2466
15 314 2466
16 314 2466
17 314 2466
18 314 2466
19 314 2466
20 321 2521
21 320 2513
22 320 2513
23 314 2466
24 314 2466
25 314 2466
26 314 2466
27 314 2466
28 314 2466
29 314 2466
30 314 2466
31 314 2466
32 314 2466
33 314 2466
34 314 2466
35 314 2466
36 314 2466
37 314 2466
38 314 2466
39 314 2466
40 321 2521
41 314 2466
42 314 2466
43 314 2466
44 314 2466
45 314 2466
46 366 2875
47 367 2882
48 314 2466
49 314 2466
50 320 2513
51 314 2466
52 333 2615
53 314 2466
54 321 2521
55 321 2521
56 314 2466
57 319 2505
58 314 2466
59 314 2466
60 314 2466
61 320 2513
62 366 2875
63 314 2466
64 314 2466
65 314 2466
66 367 2882
67 314 2466
68 314 2466
69 314 2466
70 314 2466
71 314 2466
72 314 2466
73 314 2466
74 314 2466
75 314 2466
76 320 2513
77 314 2466
78 334 2623
79 314 2466
80 314 2466
81 314 2466
82 314 2466
83 314 2466
84 314 2466
85 314 2466
86 314 2466
87 367 2882
88 314 2466
89 314 2466
90 314 2466
91 314 2466
92 314 2466
93 314 2466
94 314 2466
95 314 2466
96 314 2466
97 314 2466
98 367 2882
99 314 2466
100 314 2466
101 321 2521
102 314 2466
103 314 2466
104 314 2466
105 314 2466
106 320 2513
107 314 2466
108 320 2513
109 314 2466
110 314 2466
111 314 2466
112 314 2466
113 314 2466
114 321 2521
115 314 2466
116 314 2466
117 314 2466
118 367 2882
119 314 2466
120 314 2466
121 367 2882
122 314 2466
123 314 2466
124 314 2466
125 314 2466
126 314 2466
127 314 2466
128 314 2466
129 314 2466
130 321 2521
131 314 2466
132 314 2466
133 314 2466
134 314 2466
135 314 2466
136 314 2466
137 314 2466
138 314 2466
139 314 2466
140 314 2466
141 314 2466
142 314 2466
143 314 2466
144 314 2466
145 314 2466
146 314 2466
147 314 2466
148 314 2466
149 321 2521
150 314 2466
151 333 2615
152 314 2466
153 314 2466
154 321 2521
155 314 2466
156 314 2466
157 314 2466
158 314 2466
159 321 2521
160 314 2466
161 320 2513
162 314 2466
163 314 2466
164 321 2521
165 314 2466
166 314 2466
167 314 2466
168 314 2466
169 314 2466
170 367 2882
171 315 2474
172 314 2466
173 314 2466
174 320 2513
175 314 2466
176 314 2466
177 319 2505
178 314 2466
179 314 2466
180 314 2466
181 314 2466
182 314 2466
183 314 2466
184 314 2466
185 314 2466
186 314 2466
187 367 2882
188 314 2466
189 314 2466
190 320 2513
191 314 2466
192 314 2466
193 314 2466
194 322 2529
195 318 2498
196 314 2466
197 314 2466
198 314 2466
199 314 2466
200 314 2466
201 314 2466
202 314 2466
203 314 2466
204 367 2882
205 314 2466
206 314 2466
207 314 2466
208 314 2466
209 314 2466
210 318 2498
211 314 2466
212 321 2521
213 320 2513
214 314 2466
215 314 2466
216 333 2615
217 320 2513
218 313 2458
219 366 2875
220 313 2458
221 313 2458
222 313 2458
223 313 2458
224 321 2521
225 313 2458
226 320 2513
227 312 2450
228 321 2521
229 320 2513
230 322 2529
231 312 2450
232 367 2882
233 321 2521
234 321 2521
235 320 2513
236 319 2505
237 310 2435
238 322 2529
239 321 2521
240 320 2513
241 320 2513
242 320 2513
243 320 2513
244 321 2521
245 321 2521
246 321 2521
247 321 2521
248 309 2427
249 319 2505
250 322 2529
251 320 2513
252 321 2521
253 320 2513
254 320 2513
255 321 2521
256 320 2513
257 307 2411
258 307 2411
259 320 2513
260 307 2411
261 307 2411
262 307 2411
263 307 2411
264 320 2513
265 322 2529
266 320 2513
267 307 2411
268 307 2411
269 321 2521
270 307 2411
271 307 2411
272 307 2411
273 307 2411
274 307 2411
275 307 2411
276 366 2875
277 307 2411
278 307 2411
279 307 2411
280 307 2411
281 307 2411
282 307 2411
283 319 2505
284 307 2411
285 307 2411
286 307 2411
287 307 2411
288 335 2631
289 307 2411
290 307 2411
291 307 2411
292 307 2411
293 307 2411
294 333 2615
295 307 2411
296 321 2521
297 321 2521
298 307 2411
299 307 2411
300 307 2411
301 307 2411
302 307 2411
303 307 2411
304 307 2411
305 321 2521
306 321 2521
307 321 2521
308 307 2411
309 307 2411
310 307 2411
311 307 2411
312 307 2411
313 307 2411
314 307 2411
315 319 2505
316 307 2411
317 321 2521
318 307 2411
319 321 2521
320 320 2513
321 307 2411
322 307 2411
323 307 2411
324 320 2513
325 320 2513
326 307 2411
327 307 2411
328 307 2411
329 321 2521
330 307 2411
331 307 2411
332 307 2411
333 307 2411
334 307 2411
335 307 2411
336 307 2411
337 307 2411
338 307 2411
339 320 2513
340 307 2411
341 307 2411
342 320 2513
343 307 2411
344 321 2521
345 307 2411
346 307 2411
347 307 2411
348 307 2411
349 332 2608
350 307 2411
351 307 2411
352 366 2875
353 319 2505
354 307 2411
355 307 2411
356 307 2411
357 322 2529
358 307 2411
359 307 2411
360 366 2875
361 307 2411
362 307 2411
363 307 2411
364 307 2411
365 307 2411
366 307 2411
367 321 2521
368 307 2411
369 307 2411
370 307 2411
371 307 2411
372 307 2411
373 307 2411
374 307 2411
375 307 2411
376 367 2882
377 307 2411
378 307 2411
379 321 2521
380 322 2529
381 307 2411
382 321 2521
383 307 2411
384 307 2411
385 307 2411
386 318 2498
387 320 2513
388 307 2411
389 307 2411
390 321 2521
391 321 2521
392 307 2411
393 307 2411
394 307 2411
395 307 2411
396 307 2411
397 307 2411
398 307 2411
399 320 2513
400 307 2411
401 307 2411
402 307 2411
403 307 2411
404 307 2411
405 318 2498
406 307 2411
407 307 2411
408 307 2411
409 367 2882
410 307 2411
411 320 2513
412 307 2411
413 307 2411
414 334 2623
415 333 2615
416 321 2521
417 307 2411
418 307 2411
419 320 2513
420 307 2411
421 307 2411
422 307 2411
423 320 2513
424 366 2875
425 322 2529
426 307 2411
427 307 2411
428 307 2411
429 307 2411
430 307 2411
431 367 2882
432 307 2411
433 307 2411
434 307 2411
435 320 2513
436 307 2411
437 367 2882
438 307 2411
439 321 2521
440 307 2411
441 307 2411
442 307 2411
443 307 2411
444 307 2411
445 307 2411
446 307 2411
447 367 2882
448 320 2513
449 307 2411
450 307 2411
451 307 2411
452 307 2411
453 307 2411
454 307 2411
455 307 2411
456 307 2411
457 307 2411
458 307 2411
459 307 2411
460 307 2411
461 307 2411
462 307 2411
463 334 2623
464 307 2411
465 321 2521
466 307 2411
467 307 2411
468 322 2529
469 320 2513
470 307 2411
471 307 2411
472 307 2411
473 307 2411
474 367 2882
475 307 2411
476 307 2411
477 319 2505
478 307 2411
479 307 2411
480 319 2505
481 307 2411
482 307 2411
483 333 2615
484 321 2521
485 320 2513
486 307 2411
487 368 2890
488 367 2882
489 307 2411
490 307 2411
491 307 2411
492 307 2411
493 307 2411
494 307 2411
495 307 2411
496 307 2411
497 307 2411
498 307 2411
499 307 2411
500 307 2411
501 307 2411
502 307 2411
503 307 2411
504 307 2411
505 319 2505
506 307 2411
507 307 2411
508 307 2411
509 307 2411
510 307 2411
511 307 2411
512 307 2411
513 307 2411
514 367 2882
515 307 2411
516 307 2411
517 307 2411
518 307 2411
519 307 2411
520 307 2411
521 307 2411
522 307 2411
523 307 2411
524 307 2411
525 320 2513
526 322 2529
527 307 2411
528 307 2411
529 333 2615
530 307 2411
531 307 2411
532 307 2411
533 320 2513
534 307 2411
535 320 2513
536 307 2411
537 321 2521
538 321 2521
539 321 2521
540 307 2411
541 307 2411
542 307 2411
543 333 2615
544 307 2411
545 307 2411
546 321 2521
547 307 2411
548 320 2513
549 307 2411
550 367 2882
551 307 2411
552 320 2513
553 321 2521
554 307 2411
555 307 2411
556 320 2513
557 307 2411
558 320 2513
559 321 2521
560 307 2411
561 307 2411
562 307 2411
563 307 2411
564 307 2411
565 320 2513
566 307 2411
567 307 2411
568 307 2411
569 307 2411
570 307 2411
571 307 2411
572 307 2411
573 307 2411
574 307 2411
575 307 2411
576 333 2615
577 307 2411
578 307 2411
579 320 2513
580 307 2411
581 307 2411
582 320 2513
583 321 2521
584 307 2411
585 307 2411
586 307 2411
587 307 2411
588 318 2498
589 366 2875
590 320 2513
591 307 2411
592 307 2411
593 307 2411
594 320 2513
595 366 2875
596 320 2513
597 307 2411
598 320 2513
599 320 2513
600 307 2411
601 307 2411
602 307 2411
603 307 2411
604 307 2411
605 307 2411
606 307 2411
607 307 2411
608 319 2505
609 307 2411
610 307 2411
611 321 2521
612 319 2505
613 307 2411
614 321 2521
615 307 2411
616 307 2411
617 307 2411
618 307 2411
619 307 2411
620 307 2411
621 307 2411
622 307 2411
623 307 2411
624 307 2411
625 367 2882
626 307 2411
627 307 2411
628 307 2411
629 318 2498
630 307 2411
631 307 2411
632 307 2411
633 307 2411
634 307 2411
635 307 2411
636 307 2411
637 321 2521
638 307 2411
639 308 2419
640 307 2411
641 366 2875
642 308 2419
643 307 2411
644 307 2411
645 333 2615
646 307 2411
647 321 2521
648 307 2411
649 307 2411
650 307 2411
651 307 2411
652 307 2411
653 307 2411
654 307 2411
655 333 2615
656 308 2419
657 367 2882
658 307 2411
659 321 2521
660 307 2411
661 332 2608
662 367 2882
663 307 2411
664 307 2411
665 319 2505
666 366 2875
667 307 2411
668 308 2419
669 320 2513
670 307 2411
671 307 2411
672 307 2411
673 307 2411
674 307 2411
675 307 2411
676 366 2875
677 307 2411
678 333 2615
679 366 2875
680 308 2419
681 307 2411
682 307 2411
683 307 2411
684 308 2419
685 308 2419
686 333 2615
687 307 2411
688 307 2411
689 307 2411
690 307 2411
691 308 2419
692 320 2513
693 307 2411
694 307 2411
695 308 2419
696 308 2419
697 308 2419
698 308 2419
699 366 2875
700 308 2419
701 307 2411
702 319 2505
703 307 2411
704 307 2411
705 308 2419
706 321 2521
707 366 2875
708 308 2419
709 365 2867
710 308 2419
711 307 2411
712 333 2615
713 321 2521
714 308 2419
715 308 2419
716 308 2419
717 366 2875
718 307 2411
719 308 2419
720 308 2419
721 307 2411
722 307 2411
723 308 2419
724 307 2411
725 308 2419
726 334 2623
727 308 2419
728 332 2608
729 307 2411
730 308 2419
731 308 2419
732 320 2513
733 307 2411
734 308 2419
735 308 2419
736 307 2411
737 320 2513
738 308 2419
739 334 2623
740 308 2419
741 308 2419
742 321 2521
743 308 2419
744 308 2419
745 320 2513
746 307 2411
747 308 2419
748 308 2419
749 308 2419
750 366 2875
751 308 2419
752 321 2521
753 318 2498
754 366 2875
755 308 2419
756 308 2419
757 320 2513
758 308 2419
759 333 2615
760 308 2419
761 308 2419
762 308 2419
763 308 2419
764 320 2513
765 321 2521
766 308 2419
767 367 2882
768 308 2419
769 308 2419
770 308 2419
771 332 2608
772 308 2419
773 308 2419
774 308 2419
775 321 2521
776 308 2419
777 320 2513
778 307 2411
779 308 2419
780 308 2419
781 308 2419
782 308 2419
783 334 2623
784 308 2419
785 308 2419
786 308 2419
787 308 2419
788 308 2419
789 308 2419
790 308 2419
791 307 2411
792 319 2505
793 308 2419
794 321 2521
795 308 2419
796 308 2419
797 320 2513
798 308 2419
799 308 2419
800 308 2419
801 308 2419
802 308 2419
803 308 2419
804 320 2513
805 308 2419
806 334 2623
807 308 2419
808 308 2419
809 321 2521
810 308 2419
811 308 2419
812 308 2419
813 308 2419
814 366 2875
815 321 2521
816 308 2419
817 308 2419
818 308 2419
819 308 2419
820 308 2419
821 308 2419
822 308 2419
823 308 2419
824 308 2419
825 307 2411
826 366 2875
827 367 2882
828 320 2513
829 308 2419
830 308 2419
831 321 2521
832 308 2419
833 366 2875
834 367 2882
835 308 2419
836 308 2419
837 321 2521
838 320 2513
839 307 2411
840 320 2513
841 308 2419
842 308 2419
843 320 2513
844 308 2419
845 308 2419
846 308 2419
847 308 2419
848 368 2890
849 320 2513
850 308 2419
851 308 2419
852 308 2419
853 320 2513
854 367 2882
855 308 2419
856 334 2623
857 308 2419
858 308 2419
859 307 2411
860 308 2419
861 366 2875
862 308 2419
863 308 2419
864 308 2419
865 308 2419
866 322 2529
867 321 2521
868 308 2419
869 308 2419
870 308 2419
871 320 2513
872 319 2505
873 320 2513
874 319 2505
875 321 2521
876 320 2513
877 308 2419
878 308 2419
879 308 2419
880 321 2521
881 308 2419
882 308 2419
883 307 2411
884 320 2513
885 308 2419
886 334 2623
887 308 2419
888 308 2419
889 308 2419
890 308 2419
891 308 2419
892 308 2419
893 320 2513
894 308 2419
895 321 2521
896 366 2875
897 333 2615
898 308 2419
899 320 2513
900 307 2411
